Jr = 0.001; % kg*m^2